671
83
392
113
819
380
897
867
912
704
922
594
587
745
463
999
978
90
503
725
85
78
610
718
601
58
426
670
400
265
315
145
394
431
846
652
707
235
430
769
125
795
640
788
617
29
353
8
901
462
245
975
988
810
306
595
539
673
471
283
268
124
944
683
563
664
772
386
456
713
925
197
89
143
266
973
406
94
545
705
164
644
336
954
935
793
950
43
252
103
744
374
509
927
822
884
621
751
570
499
609
282
473
176
655
308
234
952
665
534
469
378
57
141
104
132
14
366
593
10
109
327
260
763
354
507
817
448
404
607
937
20
512
312
341
688
886
852
913
457
838
242
721
916
966
932
335
606
108
782
843
558
376
41
882
280
727
441
37
196
408
465
789
49
903
437
548
432
114
112
97
435
192
798
405
820
350
946
597
849
460
427
302
38
482
474
159
883
369
485
150
409
30
728
986
924
685
541
31
40
202
527
82
722
48
712
307
358
530
809
371
119
36
257
860
330
154
929
80
138
32
118
256
614
444
719
766
508
535
584
757
267
210
253
206
616
476
317
314
668
842
942
736
199
555
830
920
825
259
947
889
243
116
439
739
297
856
618
417
453
651
502
209
550
768
517
995
658
422
873
81
233
343
776
733
862
630
746
56
959
488
28
352
149
1
792
322
876
186
319
828
730
687
898
804
786
542
967
969
605
323
689
537
222
696
543
904
17
379
565
802
389
970
227
573
73
845
447
549
215
679
278
524
627
127
228
367
53
855
775
833
743
340
580
177
528
174
629
761
748
155
130
147
556
585
446
582
373
781
960
773
938
553
923
51
158
129
708
414
784
461
294
895
729
356
403
27
70
738
697
333
861
52
865
231
832
475
217
531
532
454
681
770
459
326
662
906
691
604
814
567
425
179
908
142
250
778
269
915
625
339
39
111
436
458
620
395
779
238
402
168
755
382
64
936
347
310
663
677
247
144
261
800
321
907
714
166
434
397
753
415
933
187
994
324
467
396
588
438
433
731
868
859
359
237
914
383
526
16
59
968
62
522
979
955
128
455
229
101
764
787
762
864
337
812
536
466
647
270
837
575
829
365
653
720
189
346
841
699
236
956
105
272
63
399
634
160
351
25
420
823
958
815
680
900
711
407
286
902
72